5834 400
5833 399
5832 398
5831 397
5830 396
5829 395
5828 394
5827 393
5826 392
5825 391
5824 390
5823 389
5822 388
5821 387
5820 386
5819 385
5818 384
5817 383
5816 382
5815 381
5814 380
5813 379
5812 378
5811 377
5810 376
5809 375
5808 374
5807 373
5806 372
5805 371
5804 370
5803 369
5802 368
5801 367
5800 366
5799 365
5798 364
5797 363
5796 362
5795 361
5794 360
5793 359
5792 358
5791 357
5790 356
5789 355
5788 354
5787 353
5786 352
5785 351
5784 350
5783 349
5782 348
5781 347
5780 346
5779 345
5778 344
5777 343
5776 342
5775 341
5774 340
5773 339
5772 338
5771 337
5770 336
5769 335
5768 334
5767 333
5766 332
5765 331
5764 330
5763 329
5762 328
5761 327
5760 326
5759 325
5758 324
5757 323
5756 322
5755 321
5754 320
5753 319
5752 318
5751 317
5750 316
5749 315
5748 314
5747 313
5746 312
5745 311
5744 310
5743 309
5742 308
5741 307
5740 306
5739 305
5738 304
5737 303
5736 302
5735 301
5734 300
5733 299
5732 298
5731 297
5730 296
5729 295
5728 294
5727 293
5726 292
5725 291
5724 290
5723 289
5722 288
5721 287
5720 286
5719 285
5718 284
5717 283
5716 282
5715 281
5714 280
5713 279
5712 278
5711 277
5710 276
5709 275
5708 274
5707 273
5706 272
5705 271
5704 270
5703 269
5702 268
5701 267
5700 266
5699 265
5698 264
5697 263
5696 262
5695 261
5694 260
5693 259
5692 258
5691 257
5690 256
5689 255
5688 254
5687 253
5686 252
5685 251
5684 250
5683 249
5682 248
5681 247
5680 246
5679 245
5678 244
5677 243
5676 242
5675 241
5674 240
5673 239
5672 238
5671 237
5670 236
5669 235
5668 234
5667 233
5666 232
5665 231
5664 230
5663 229
5662 228
5661 227
5660 226
5659 225
5658 224
5657 223
5656 222
5655 221
5654 220
5653 219
5652 218
5651 217
5650 216
5649 215
5648 214
5647 213
5646 212
5645 211
5644 210
5643 209
5642 208
5641 207
5640 206
5639 205
5638 204
5637 203
5636 202
5635 201
5634 200
5633 199
5632 198
5631 197
5630 196
5629 195
5628 194
5627 193
5626 192
5625 191
5624 190
5623 189
5622 188
5621 187
5620 186
5619 185
5618 184
5617 183
5616 182
5615 181
5614 180
5613 179
5612 178
5611 177
5610 176
5609 175
5608 174
5607 173
5606 172
5605 171
5604 170
5603 169
5602 168
5601 167
5600 166
5599 165
5598 164
5597 163
5596 162
5595 161
5594 160
5593 159
5592 158
5591 157
5590 156
5589 155
5588 154
5587 153
5586 152
5585 151
5584 150
5583 149
5582 148
5581 147
5580 146
5579 145
5578 144
5577 143
5576 142
5575 141
5574 140
5573 139
5572 138
5571 137
5570 136
5569 135
5568 134
5567 133
5566 132
5565 131
5564 130
5563 129
5562 128
5561 127
5560 126
5559 125
5558 124
5557 123
5556 122
5555 121
5554 120
5553 119
5552 118
5551 117
5550 116
5549 115
5548 114
5547 113
5546 112
5545 111
5544 110
5543 109
5542 108
5541 107
5540 106
5539 105
5538 104
5537 103
5536 102
5535 101
5534 100
5533 99
5532 98
5531 97
5530 96
5529 95
5528 94
5527 93
5526 92
5525 91
5524 90
5523 89
5522 88
5521 87
5520 86
5519 85
5518 84
5517 83
5516 82
5515 81
5514 80
5513 79
5512 78
5511 77
5510 76
5509 75
5508 74
5507 73
5506 72
5505 71
5504 70
5503 69
5502 68
5501 67
5500 66
5499 65
5498 64
5497 63
5496 62
5495 61
5494 60
5493 59
5492 58
5491 57
5490 56
5489 55
5488 54
5487 53
5486 52
5485 51
5484 50
5483 49
5482 48
5481 47
5480 46
5479 45
5478 44
5477 43
5476 42
5475 41
5474 40
5473 39
5472 38
5471 37
5470 36
5469 35
5468 34
5467 33
5466 32
5465 31
5464 30
5463 29
5462 28
5461 27
5460 26
5459 25
5458 24
5457 23
5456 22
5455 21
5454 20
5453 19
5452 18
5451 17
5450 16
5449 15
5448 14
5447 13
5446 12
5445 10
5444 11
5443 9
5442 8
5441 7
5440 6
5439 5
5438 4
5437 3
5436 2
5435 1